     1        0   0.000
     2   189350   0.010
     3   378699   0.020
     4   568048   0.030
     5   757397   0.040
     6   946746   0.050
     7  1136095   0.060
     8  1325444   0.070
     9  1514793   0.080
    10  1704142   0.090
    11  1893491   0.100
    12  2082840   0.110
    13  2272189   0.120
    14  2461538   0.130
    15  2650887   0.140
    16  2840236   0.150
    17  3029585   0.160
    18  3218934   0.170
    19  3408283   0.180
    20  3597632   0.190
    21  3786981   0.200
    22  3976330   0.210
    23  4165679   0.220
    24  4355028   0.230
    25  4544377   0.240
