     1        0   270000   0.000
     2   189350   271041   0.010
     3   378699   272916   0.020
     4   568048   274181   0.030
     5   757397   276061   0.040
     6   946746   277349   0.050
     7  1136095   279263   0.060
     8  1325444   280534   0.070
     9  1514793   282488   0.080
    10  1704142   283763   0.090
    11  1893491   285654   0.100
    12  2082840   286928   0.110
    13  2272189   288761   0.120
    14  2461538   290000   0.130
    15  2650887   291732   0.140
    16  2840236   292914   0.150
    17  3029585   294604   0.160
    18  3218934   295739   0.170
    19  3408283   297407   0.180
    20  3597632   298525   0.190
    21  3786981   300183   0.200
    22  3976330   301284   0.210
    23  4165679   302962   0.220
    24  4355028   304074   0.230
    25  4544377   305688   0.240
