     1    14701    18936   0.001
     2    14701    37871   0.002
     3    14701    56806   0.003
     4    14701    75741   0.004
     5    14701    94676   0.005
     6    14701   113611   0.006
     7    14701   132546   0.007
     8    14701   151481   0.008
     9    14701   170416   0.009
    10    14701   189351   0.010
    11    14701   208286   0.011
    12    14701   227221   0.012
    13    14701   246156   0.013
    14    14701   265091   0.014
    15    14701   284026   0.015
    16    14701   302961   0.016
    17    14701   321896   0.017
    18    14701   340831   0.018
    19    14701   359766   0.019
    20    14701   378701   0.020
    21    14701   397636   0.021
    22    14701   416571   0.022
    23    14701   435506   0.023
    24    14701   454441   0.024
    25    14701   473376   0.025
    26    14701   492311   0.026
    27    14701   511246   0.027
    28    14701   530181   0.028
    29    14701   549116   0.029
    30    14701   568051   0.030
    31    14701   586986   0.031
    32    14701   605921   0.032
    33    14701   624856   0.033
    34    14701   643791   0.034
    35    14701   662726   0.035
    36    14701   681661   0.036
    37    14701   700596   0.037
    38    14701   719531   0.038
    39    14701   738466   0.039
    40    14701   757401   0.040
    41    14701   776336   0.041
    42    14701   795271   0.042
    43    14701   814206   0.043
    44    14701   833141   0.044
    45    14701   852076   0.045
    46    14701   871011   0.046
    47    14701   889946   0.047
    48    14701   908881   0.048
    49    14701   927816   0.049
    50    14701   946751   0.050
    51    14701   965686   0.051
    52    14701   984621   0.052
    53    14701  1003556   0.053
    54    14701  1022491   0.054
    55    14701  1041426   0.055
    56    14701  1060361   0.056
    57    14701  1079296   0.057
    58    14701  1098231   0.058
    59    14701  1117166   0.059
    60    14701  1136101   0.060
    61    14701  1155036   0.061
    62    14701  1173971   0.062
    63    14701  1192906   0.063
    64    14701  1211841   0.064
    65    14701  1230776   0.065
    66    14701  1249711   0.066
    67    14701  1268646   0.067
    68    14701  1287581   0.068
    69    14701  1306516   0.069
    70    14701  1325451   0.070
    71    14701  1344386   0.071
    72    14701  1363321   0.072
    73    14701  1382256   0.073
    74    14701  1401191   0.074
    75    14701  1420126   0.075
    76    14701  1439061   0.076
    77    14701  1457996   0.077
    78    14701  1476931   0.078
    79    14701  1495866   0.079
    80    14701  1514801   0.080
    81    14701  1533736   0.081
    82    14701  1552671   0.082
    83    14701  1571606   0.083
    84    14701  1590541   0.084
    85    14701  1609476   0.085
    86    14701  1628411   0.086
    87    14701  1647346   0.087
    88    14701  1666281   0.088
    89    14701  1685216   0.089
    90    14701  1704151   0.090
    91    14701  1723086   0.091
    92    14701  1742021   0.092
    93    14701  1760956   0.093
    94    14701  1779891   0.094
    95    14701  1798826   0.095
    96    14701  1817761   0.096
    97    14701  1836696   0.097
    98    14701  1855631   0.098
    99    14701  1874566   0.099
   100    14701  1893501   0.100
   101    14701  1912436   0.101
   102    14701  1931371   0.102
   103    14701  1950306   0.103
   104    14701  1969241   0.104
   105    14701  1988176   0.105
   106    14701  2007111   0.106
   107    14701  2026046   0.107
   108    14701  2044981   0.108
   109    14701  2063916   0.109
   110    14701  2082851   0.110
   111    14701  2101786   0.111
   112    14701  2120721   0.112
   113    14701  2139656   0.113
   114    14701  2158591   0.114
   115    14701  2177526   0.115
   116    14701  2196461   0.116
   117    14701  2215396   0.117
   118    14701  2234331   0.118
   119    14701  2253266   0.119
   120    14701  2272201   0.120
   121    14701  2291136   0.121
   122    14701  2310071   0.122
   123    14701  2329006   0.123
   124    14701  2347941   0.124
   125    14701  2366876   0.125
   126    14701  2385811   0.126
   127    14701  2404746   0.127
   128    14701  2423681   0.128
   129    14701  2442616   0.129
   130    14701  2461551   0.130
   131    14701  2480486   0.131
   132    14701  2499421   0.132
   133    14701  2518356   0.133
   134    14701  2537291   0.134
   135    14701  2556226   0.135
   136    14701  2575161   0.136
   137    14701  2594096   0.137
   138    14701  2613031   0.138
   139    14701  2631966   0.139
   140    14701  2650901   0.140
   141    14701  2669836   0.141
   142    14701  2688771   0.142
   143    14701  2707706   0.143
   144    14701  2726641   0.144
   145    14701  2745576   0.145
   146    14701  2764511   0.146
   147    14701  2783446   0.147
   148    14701  2802381   0.148
   149    14701  2821316   0.149
   150    14701  2840251   0.150
   151    14701  2859186   0.151
   152    14701  2878121   0.152
   153    14701  2897056   0.153
   154    14701  2915991   0.154
   155    14701  2934926   0.155
   156    14701  2953861   0.156
   157    14701  2972796   0.157
   158    14701  2991731   0.158
   159    14701  3010666   0.159
   160    14701  3029601   0.160
   161    14701  3048536   0.161
   162    14701  3067471   0.162
   163    14701  3086406   0.163
   164    14701  3105341   0.164
   165    14701  3124276   0.165
   166    14701  3143211   0.166
   167    14701  3162146   0.167
   168    14701  3181081   0.168
   169    14701  3200016   0.169
   170    14701  3218951   0.170
   171    14701  3237886   0.171
   172    14701  3256821   0.172
   173    14701  3275756   0.173
   174    14701  3294691   0.174
   175    14701  3313626   0.175
   176    14701  3332561   0.176
   177    14701  3351496   0.177
   178    14701  3370431   0.178
   179    14701  3389366   0.179
   180    14701  3408301   0.180
   181    14701  3427236   0.181
   182    14701  3446171   0.182
   183    14701  3465106   0.183
   184    14701  3484041   0.184
   185    14701  3502976   0.185
   186    14701  3521911   0.186
   187    14701  3540846   0.187
   188    14701  3559781   0.188
   189    14701  3578716   0.189
   190    14701  3597651   0.190
   191    14701  3616586   0.191
   192    14701  3635521   0.192
   193    14701  3654456   0.193
   194    14701  3673391   0.194
   195    14701  3692326   0.195
   196    14701  3711261   0.196
   197    14701  3730196   0.197
   198    14701  3749131   0.198
   199    14701  3768066   0.199
   200    14701  3787001   0.200
   201    14701  3805936   0.201
   202    14701  3824871   0.202
   203    14701  3843806   0.203
   204    14701  3862741   0.204
   205    14701  3881676   0.205
   206    14701  3900611   0.206
   207    14701  3919546   0.207
   208    14701  3938481   0.208
   209    14701  3957416   0.209
   210    14701  3976351   0.210
   211    14701  3995286   0.211
   212    14701  4014221   0.212
   213    14701  4033156   0.213
   214    14701  4052091   0.214
   215    14701  4071026   0.215
   216    14701  4089961   0.216
   217    14701  4108896   0.217
   218    14701  4127831   0.218
   219    14701  4146766   0.219
   220    14701  4165701   0.220
   221    14701  4184636   0.221
   222    14701  4203571   0.222
   223    14701  4222506   0.223
   224    14701  4241441   0.224
   225    14701  4260376   0.225
   226    14701  4279311   0.226
   227    14701  4298246   0.227
   228    14701  4317181   0.228
   229    14701  4336116   0.229
   230    14701  4355051   0.230
   231    14701  4373986   0.231
   232    14701  4392921   0.232
   233    14701  4411856   0.233
   234    14701  4430791   0.234
   235    14701  4449726   0.235
   236    14701  4468661   0.236
   237    14701  4487596   0.237
   238    14701  4506531   0.238
   239    14701  4525466   0.239
   240    14701  4544401   0.240
   241    14701  4563336   0.241
   242    14701  4582271   0.242
   243    14701  4601206   0.243
   244    14701  4620141   0.244
   245    14701  4639076   0.245
   246    14701  4658011   0.246
   247    14701  4676946   0.247
