 0.000E+00 0.000E+00
 0.316E+12 0.109E+15
 0.631E+12 0.109E+15
 0.947E+12 0.109E+15
 0.126E+13 0.109E+15
 0.158E+13 0.109E+15
 0.189E+13 0.109E+15
 0.221E+13 0.109E+15
 0.252E+13 0.109E+15
 0.284E+13 0.109E+15
 0.316E+13 0.109E+15
 0.347E+13 0.109E+15
 0.379E+13 0.109E+15
 0.410E+13 0.109E+15
 0.442E+13 0.109E+15
 0.473E+13 0.109E+15
 0.505E+13 0.109E+15
 0.536E+13 0.109E+15
 0.568E+13 0.110E+15
 0.600E+13 0.110E+15
 0.631E+13 0.111E+15
 0.663E+13 0.113E+15
 0.694E+13 0.115E+15
 0.726E+13 0.117E+15
 0.757E+13 0.120E+15
